7897348207566
7897348207566
7897348207580
7897348207580
7897348207573
7897348207573
7897348207207
7897348207207
7897348207597
7897348207597
7897348207603
7897348207603
7897348207535
7897348207535
7897348207542
7897348207542
7891000071700
7891000071700
7896029043394
7896029043394
7896029089620
7896029089620
7896029041949
7896029041949
7896029043387
7896029043387
7896029043387
7896029043387
7896029041932
7896029041932
7896029043271
7896029043271
7896029041963
7896029041963
7896029041994
7896029041994
7896029041994
7896029041994
7896029041956
7896029041956
7896029041970
7896029041970
7896588954698
7896588954698
7896588954698
7896588954704
7896588954704
7896588954704
7896588954704
7898948712368
7898948712368
7898948712368
7898948712368
7898948712399
7898948712399
7898948712405
7898948712405
7898948712313
7898948712313
7898948712313
7898948712313
7898959353062
7898959353079
7898959353055
7898959353260
7898959353352
7898959353369
7898948712092
7898948712092
7898948712092
7898948712092
7898948712436
7898948712436
7898948712436
7898948712436
7898948712467
7898948712467
7898948712467
7898948712467
7898626400532
7898626400532
7898626400532
7898626400532
7898626400549
7898626400549
7898626400549
7898626400549
7896268415372
7896268415372
7898959353161
7898959353161
7898959353277
7898959353277
7898959353468
7898959353468
7896780810648
7896273807735
7896273807735
7896273807735
7896273807735
7896273807728
7896273807728
7896273807728
7896273807728
7896273807728
7896273807728
7896447102598
7896447102598
7896447102536
7896447102536
7896447102505
7896447102505
7896447102505
7896447102505
7896447102499
7896447102499
7896447102499
7896447102499
7896447102512
7896447102512
7896447103090
7896447103090
7896447103090
7896447103090
7896447103106
7896447103106
7896447103113
7896447103113
7898626401065
7898626401065
7898626401065
7898626401065
7898626401058
7898626401058
7898626401058
7898626401058
7898626401072
7898626401072
7898626401072
7898626401072
7898626401089
7898626401089
7898626401089
7898626401089
7898626401911
7898626401911
7898626401911
7898626401911
7898626401874
7898626401874
7898626401874
7898626401874
7898626401850
7898626401850
7898626401850
7898626401850
7898626401898
7898626401898
7898626401898
7898626401898
7898951147546
7898951147546
7898951147546
7898951147546
7898951147553
7898951147553
7898951147553
7898951147553
7898626400662
7898626400662
7898626400662
7898626400662
7898626400679
7898626400679
7898626400679
7898626400679
7898626400686
7898626400686
7898626400686
7898626400686
7898626400693
7898626400693
7898626400693
7898626400693
7898626400693
7898626400693
7898626400693
7898626400693
7898951147560
7898951147560
7898951147560
7898951147560
7898951147560
7898951147560
7898951147560
7898951147560
7898951147560
7898951147560
7898951147560
7898363315380
7898951147577
7898951147577
7898951147577
7898951147577
7896447104592
7896447104561
7896447102789
7896447102789
7896447100853
7896447100853
7896447104561
7896447104561
7896447104592
7896447104592
7896447104547
7896447104547
7896447100969
7896447100969
7896447100952
7896447100952
7896447104554
7896447104585
7896447106343
7896447106343
7896447106329
7896447106329
7896447106336
7896447106336
7891000005644
7891000005644
7891000005620
7891000005620
7891000623008
7891000623008
7891000623107
7891000623107
7896780807822
7896780807822
7896780807822
7896780807822